0.5  0  0
1.5  0  0
2.5  0  0
3.5  0  0
4.5  0  0
5.5  0.000348585  7.95082e-06
6.5  9.81017e-05  3.17168e-06
7.5  3.4809e-05  1.24946e-06
8.5  1.45987e-05  5.09459e-07
9.5  6.80666e-06  2.11194e-07
10.5  3.52277e-06  5.53437e-08
11.5  2.09556e-06  1.01045e-07
12.5  1.1131e-06  1.5426e-08
13.5  6.99026e-07  1.22395e-08
14.5  4.31399e-07  4.95762e-09
15.5  2.80417e-07  3.6321e-09
16.5  1.87076e-07  2.5146e-09
17.5  1.22237e-07  1.31086e-09
18.5  8.38572e-08  1.08891e-09
19.5  5.7302e-08  6.00446e-10
20.5  4.04705e-08  3.9937e-10
21.5  2.80339e-08  2.84585e-10
22.5  2.00665e-08  2.01978e-10
23.5  1.39226e-08  1.37142e-10
24.5  1.0514e-08  1.16147e-10
25.5  7.52654e-09  7.87063e-11
26.5  5.35666e-09  5.0806e-11
27.5  3.97944e-09  3.90768e-11
28.5  2.9159e-09  2.61319e-11
29.5  2.13939e-09  2.00741e-11
30.5  1.59832e-09  1.55154e-11
31.5  1.17646e-09  1.08084e-11
32.5  8.72719e-10  7.93386e-12
33.5  6.51515e-10  5.62412e-12
34.5  4.91499e-10  5.00883e-12
35.5  3.60911e-10  3.4889e-12
36.5  2.67873e-10  2.48914e-12
37.5  2.03564e-10  2.22358e-12
38.5  1.4744e-10  1.44602e-12
39.5  1.12414e-10  1.15081e-12
40.5  8.51437e-11  9.60069e-13
41.5  6.31782e-11  1.0235e-12
42.5  4.64979e-11  4.75244e-13
43.5  3.50901e-11  3.47504e-13
44.5  2.60583e-11  2.85439e-13
45.5  1.93438e-11  1.85795e-13
46.5  1.44758e-11  1.6267e-13
47.5  1.05794e-11  1.15352e-13
48.5  7.92649e-12  7.49345e-14
49.5  5.85873e-12  6.09233e-14
50.5  4.50553e-12  8.0299e-14
51.5  3.24145e-12  3.96385e-14
52.5  2.3866e-12  4.12616e-14
53.5  1.76776e-12  3.56178e-14
54.5  1.26956e-12  1.79638e-14
55.5  8.89662e-13  1.23469e-14
56.5  6.76397e-13  1.29268e-14
57.5  4.74282e-13  5.69889e-15
58.5  3.44544e-13  4.73565e-15
59.5  2.45695e-13  3.69674e-15
60.5  1.73507e-13  2.62453e-15
61.5  1.25093e-13  2.78622e-15
62.5  8.75883e-14  1.35004e-15
63.5  6.29545e-14  1.52654e-15
64.5  4.30831e-14  9.65593e-16
65.5  2.93676e-14  5.45736e-16
66.5  2.07651e-14  5.52375e-16
67.5  1.44515e-14  4.34825e-16
68.5  9.49026e-15  1.9846e-16
69.5  6.56598e-15  2.09432e-16
70.5  4.06687e-15  6.5361e-17
71.5  2.68989e-15  5.20163e-17
72.5  1.76405e-15  3.49853e-17
73.5  1.13842e-15  3.97242e-17
74.5  7.39511e-16  2.65095e-17
75.5  4.4832e-16  2.04965e-17
76.5  2.62994e-16  4.53636e-18
77.5  1.60371e-16  3.04554e-18
78.5  1.0534e-16  1.09679e-17
79.5  5.38741e-17  8.51969e-19
80.5  3.04279e-17  4.32247e-19
81.5  1.62528e-17  2.37138e-19
82.5  9.04427e-18  2.70134e-19
83.5  5.39773e-18  8.50346e-19
84.5  2.31403e-18  2.1671e-19
85.5  1.02266e-18  1.80089e-20
86.5  4.54841e-19  8.38199e-21
87.5  1.83923e-19  2.92878e-21
88.5  7.34951e-20  1.45685e-21
89.5  2.88666e-20  4.17479e-21
90.5  8.50663e-21  2.98373e-22
91.5  2.51993e-21  1.08263e-22
92.5  5.45546e-22  1.89147e-23
93.5  1.05835e-22  5.5229e-24
94.5  1.71452e-23  1.36539e-24
95.5  1.5795e-24  2.19775e-25
96.5  5.90709e-26  1.38993e-26
97.5  7.56444e-28  2.39208e-28
98.5  0  0
99.5  0  0
