1  4.2138e+08
2  2.11603e+08
3  7.03881e+07
4  2.27288e+07
5  7.80047e+06
6  3.11029e+06
7  1.35939e+06
8  688441
9  332031
10  212678
11  112663
12  68894.6
13  45557.4
14  31023.8
15  25091.6
16  13671
17  10689.2
18  7794.94
19  7260.83
20  4695.32
21  3608.55
22  2847.51
23  2261.76
24  1893.18
25  1545.1
26  1255.27
27  1008.82
28  844.654
29  751.893
30  601.214
31  482.499
32  418.905
33  361.294
34  310.239
35  269.003
36  233.035
37  199.654
38  171.597
39  151.529
40  129.027
41  111.603
42  99.3662
43  89.8897
44  78.23
45  69.1212
46  62.038
47  55.9138
48  49.7005
49  44.9762
50  39.2086
51  35.3629
52  31.5501
53  29.0413
54  26.6752
55  23.4086
56  21.1553
57  19.2143
58  17.7628
59  16.1553
60  14.5587
61  13.3081
62  12.0215
63  11.1587
64  10.1806
65  9.35953
66  8.50691
67  7.83176
68  7.35842
69  6.64015
70  6.14549
71  5.62657
72  5.33609
73  4.77946
74  4.58257
75  4.20798
76  3.8162
77  3.65938
78  3.22869
79  3.03846
80  2.86899
81  2.64618
82  2.46696
83  2.31563
84  2.14796
85  2.01886
86  1.86579
87  1.77317
88  1.64952
89  1.55747
90  1.44576
91  1.3526
92  1.27497
93  1.17053
94  1.1081
95  1.041
96  0.969625
97  0.918498
98  0.874044
99  0.822768
100  0.762581
101  0.7259
102  0.681272
103  0.637886
104  0.595666
105  0.578205
106  0.535285
107  0.509472
108  0.478435
109  0.456321
110  0.439473
111  0.408659
112  0.385673
113  0.371094
114  0.354114
115  0.330313
116  0.311159
117  0.298011
118  0.280559
119  0.266484
120  0.253337
121  0.245548
122  0.233919
123  0.216866
124  0.205037
125  0.194616
126  0.185992
127  0.180829
128  0.171941
129  0.161172
130  0.154996
131  0.147218
132  0.141857
133  0.132258
134  0.12844
135  0.124231
136  0.114475
137  0.112345
138  0.104907
139  0.102569
140  0.0976569
141  0.0929315
142  0.0890256
143  0.0828724
144  0.0803343
145  0.0755063
146  0.0739619
147  0.0684868
148  0.0680107
149  0.0634717
150  0.0613592
151  0.0590007
152  0.0564374
153  0.0549282
154  0.0519565
155  0.0501002
156  0.0480723
157  0.0451896
158  0.0441748
159  0.0423978
160  0.0395769
161  0.0386198
162  0.037656
163  0.0360467
164  0.0348059
165  0.0332649
166  0.0316284
167  0.0305283
168  0.0294023
169  0.0281239
170  0.0272317
171  0.0261182
172  0.0248119
173  0.0242354
174  0.0225545
175  0.0226214
176  0.0210002
177  0.0205118
178  0.0196821
179  0.0193632
180  0.0184196
181  0.0177831
182  0.0165524
183  0.0165726
184  0.0158852
185  0.0152496
186  0.0146454
187  0.0141794
188  0.0139001
189  0.0129856
190  0.0124881
191  0.0121903
192  0.0117392
193  0.0112584
194  0.0108034
195  0.0106294
196  0.0103252
197  0.009732
198  0.00943387
199  0.00921134
200  0.00886653
201  0.0085621
202  0.00832112
203  0.00811104
204  0.00778899
205  0.00755652
206  0.00709964
207  0.00694902
208  0.00678474
209  0.00655594
210  0.00645703
211  0.00604641
212  0.00595759
213  0.00574032
214  0.00559163
215  0.00538303
216  0.00509331
217  0.00498991
218  0.00478014
219  0.00465667
220  0.00444749
221  0.00441844
222  0.00416791
223  0.00418025
224  0.00399265
225  0.00379588
226  0.00368001
227  0.00358681
228  0.00345278
229  0.00329446
230  0.00322892
231  0.00314872
232  0.0031158
233  0.0029466
234  0.00284202
235  0.00279136
236  0.00270704
237  0.00260132
238  0.00261538
239  0.00244957
240  0.00238537
241  0.00229341
242  0.0022556
243  0.00217965
244  0.00212187
245  0.00210815
246  0.00197955
247  0.00194191
248  0.00186011
249  0.00182011
250  0.00176764
251  0.00173326
252  0.00166804
253  0.0016037
254  0.00157739
255  0.00152107
256  0.00148098
257  0.00141443
258  0.00138532
259  0.0013304
260  0.00133049
261  0.00127134
262  0.00122223
263  0.00118564
264  0.00118615
265  0.00114965
266  0.00109773
267  0.00107099
268  0.00105077
269  0.00100646
270  0.000978146
271  0.000950521
272  0.000932749
273  0.000886947
274  0.000869579
275  0.000855702
276  0.000833956
277  0.000793339
278  0.000789839
279  0.00075389
280  0.000736597
281  0.000719526
282  0.000689308
283  0.00067889
284  0.000648009
285  0.000645121
286  0.000628581
287  0.000600116
288  0.000596421
289  0.000577901
290  0.000558218
291  0.000551824
292  0.000535028
293  0.000512982
294  0.000508727
295  0.000477159
296  0.000475207
297  0.000462951
298  0.000455878
299  0.00044566
300  0.000427776
301  0.000419647
302  0.000404206
303  0.000395373
304  0.000382082
305  0.000380249
306  0.000366081
307  0.000346223
308  0.000350226
309  0.000344765
310  0.000325876
311  0.000327973
312  0.000319706
313  0.000302459
314  0.000293075
315  0.000289291
316  0.000280498
317  0.000275947
318  0.000268183
319  0.000256435
320  0.000252129
321  0.000242109
322  0.000237142
323  0.000231444
324  0.000226073
325  0.000219617
326  0.000217211
327  0.000206593
328  0.000208165
329  0.000203449
330  0.000194964
331  0.000194358
332  0.000187926
333  0.000188242
334  0.000175257
335  0.00017398
336  0.000168518
337  0.00016289
338  0.000157598
339  0.000158189
340  0.000151333
341  0.00014595
342  0.000140245
343  0.000142192
344  0.00013701
345  0.000133895
346  0.000129819
347  0.000124573
348  0.000121901
349  0.000121321
350  0.000118871
351  0.000114247
352  0.000111723
353  0.000110019
354  0.000107039
355  0.000105383
356  0.000101369
357  0.000100285
358  9.62824e-05
359  9.41765e-05
360  9.09504e-05
361  9.15889e-05
362  8.7762e-05
363  8.66401e-05
364  8.39197e-05
365  8.21645e-05
366  7.89199e-05
367  7.86547e-05
368  7.56066e-05
369  7.4123e-05
370  7.18623e-05
371  7.0466e-05
372  6.83677e-05
373  6.66059e-05
374  6.66927e-05
375  6.4348e-05
376  6.29836e-05
377  6.14744e-05
378  6.03893e-05
379  5.83578e-05
380  5.72449e-05
381  5.67484e-05
382  5.39721e-05
383  5.31835e-05
384  5.23889e-05
385  5.07224e-05
386  5.00062e-05
387  4.87044e-05
388  4.6544e-05
389  4.6834e-05
390  4.45609e-05
391  4.46032e-05
392  4.28394e-05
393  4.27536e-05
394  4.14541e-05
395  4.03737e-05
396  3.94969e-05
397  3.88368e-05
398  3.79525e-05
399  3.77895e-05
400  3.5757e-05
401  3.47206e-05
402  3.36196e-05
403  3.2941e-05
404  3.24021e-05
405  3.23872e-05
406  3.09866e-05
407  3.0743e-05
408  3.08861e-05
409  2.90452e-05
410  2.78489e-05
411  2.77837e-05
412  2.69235e-05
413  2.63573e-05
414  2.58058e-05
415  2.50803e-05
416  2.45792e-05
417  2.38749e-05
418  2.32423e-05
419  2.32267e-05
420  2.23089e-05
421  2.22186e-05
422  2.20354e-05
423  2.07843e-05
424  2.04965e-05
425  2.00198e-05
426  1.98959e-05
427  1.88428e-05
428  1.91587e-05
429  1.81335e-05
430  1.79026e-05
431  1.72036e-05
432  1.75573e-05
433  1.69566e-05
434  1.64979e-05
435  1.61106e-05
436  1.54411e-05
437  1.57219e-05
438  1.49846e-05
439  1.46293e-05
440  1.4284e-05
441  1.4508e-05
442  1.35405e-05
443  1.33727e-05
444  1.31462e-05
445  1.31108e-05
446  1.26805e-05
447  1.23625e-05
448  1.23161e-05
449  1.15116e-05
450  1.12915e-05
451  1.09992e-05
452  1.09726e-05
453  1.03188e-05
454  1.04766e-05
455  1.03958e-05
456  9.98925e-06
457  9.84126e-06
458  9.40316e-06
459  9.2898e-06
460  9.12462e-06
461  9.01137e-06
462  8.75435e-06
463  8.44322e-06
464  8.15374e-06
465  8.07485e-06
466  7.91763e-06
467  7.80747e-06
468  7.72452e-06
469  7.40675e-06
470  7.4099e-06
471  7.13644e-06
472  6.95405e-06
473  6.78975e-06
474  6.72478e-06
475  6.51071e-06
476  6.38302e-06
477  6.20368e-06
478  6.14977e-06
479  5.94971e-06
480  5.82392e-06
481  5.66238e-06
482  5.58993e-06
483  5.3769e-06
484  5.27626e-06
485  5.14872e-06
486  5.11863e-06
487  4.90461e-06
488  4.83828e-06
489  4.81777e-06
490  4.67144e-06
491  4.66148e-06
492  4.47641e-06
493  4.40985e-06
494  4.33342e-06
495  4.14997e-06
496  4.1452e-06
497  4.08409e-06
498  3.93404e-06
499  3.87539e-06
500  3.72941e-06
501  3.67491e-06
502  3.64531e-06
503  3.55472e-06
504  3.35997e-06
505  3.38462e-06
506  3.3096e-06
507  3.19749e-06
508  3.17084e-06
509  3.04919e-06
510  3.07102e-06
511  2.96854e-06
512  2.90023e-06
513  2.92914e-06
514  2.78973e-06
515  2.71534e-06
516  2.66627e-06
517  2.55154e-06
518  2.53334e-06
519  2.4809e-06
520  2.36675e-06
521  2.36963e-06
522  2.3041e-06
523  2.30271e-06
524  2.19721e-06
525  2.17018e-06
526  2.12684e-06
527  2.06331e-06
528  2.03889e-06
529  2.01608e-06
530  1.94702e-06
531  1.94066e-06
532  1.861e-06
533  1.87685e-06
534  1.78918e-06
535  1.75841e-06
536  1.69928e-06
537  1.66731e-06
538  1.66899e-06
539  1.59743e-06
540  1.55581e-06
541  1.54891e-06
542  1.49102e-06
543  1.45899e-06
544  1.42539e-06
545  1.4312e-06
546  1.40226e-06
547  1.35412e-06
548  1.33566e-06
549  1.30218e-06
550  1.29817e-06
551  1.22963e-06
552  1.21476e-06
553  1.17559e-06
554  1.16939e-06
555  1.1667e-06
556  1.13709e-06
557  1.08372e-06
558  1.04771e-06
559  1.05014e-06
560  1.02804e-06
561  1.00949e-06
562  9.68319e-07
563  9.70678e-07
564  9.38827e-07
565  9.08453e-07
566  8.9454e-07
567  8.97613e-07
568  8.66918e-07
569  8.44953e-07
570  8.248e-07
571  7.95405e-07
572  7.78861e-07
573  7.73709e-07
574  7.48253e-07
575  7.43611e-07
576  7.0343e-07
577  7.01885e-07
578  6.84595e-07
579  6.89756e-07
580  6.54631e-07
581  6.54468e-07
582  6.44375e-07
583  6.24798e-07
584  6.03353e-07
585  6.04574e-07
586  5.78443e-07
587  5.59684e-07
588  5.59422e-07
589  5.31333e-07
590  5.20367e-07
591  5.20087e-07
592  5.10996e-07
593  5.10793e-07
594  4.85064e-07
595  4.8061e-07
596  4.68063e-07
597  4.5691e-07
598  4.50049e-07
599  4.4407e-07
600  4.33691e-07
601  4.26664e-07
602  4.26212e-07
603  3.97538e-07
604  3.92462e-07
605  3.7605e-07
606  3.69715e-07
607  3.64594e-07
608  3.61204e-07
609  3.55106e-07
610  3.52234e-07
611  3.37019e-07
612  3.30519e-07
613  3.2561e-07
614  3.18334e-07
615  3.138e-07
616  3.03818e-07
617  2.95676e-07
618  2.83597e-07
619  2.81958e-07
620  2.82599e-07
621  2.7734e-07
622  2.78285e-07
623  2.64855e-07
624  2.58799e-07
625  2.45572e-07
626  2.48652e-07
627  2.59308e-07
628  2.31473e-07
629  2.25301e-07
630  2.27326e-07
631  2.18137e-07
632  2.18137e-07
633  2.07587e-07
634  2.06108e-07
635  2.00996e-07
636  2.00398e-07
637  1.93073e-07
638  1.90828e-07
639  1.82873e-07
640  1.94501e-07
641  1.82183e-07
642  1.75037e-07
643  1.72311e-07
644  1.66699e-07
645  1.62262e-07
646  1.6002e-07
647  1.6085e-07
648  1.52015e-07
649  1.50562e-07
650  1.50944e-07
651  1.45618e-07
652  1.41543e-07
653  1.40815e-07
654  1.39362e-07
655  1.29992e-07
656  1.31738e-07
657  1.28436e-07
658  1.21947e-07
659  1.19817e-07
660  1.21488e-07
661  1.15264e-07
662  1.15724e-07
663  1.10294e-07
664  1.05419e-07
665  1.07124e-07
666  1.05891e-07
667  1.00741e-07
668  1.00227e-07
669  9.58352e-08
670  9.67068e-08
671  9.43476e-08
672  8.92266e-08
673  8.99686e-08
674  8.78052e-08
675  8.45612e-08
676  8.31549e-08
677  8.14938e-08
678  7.87732e-08
679  7.79242e-08
680  8.09121e-08
681  7.31942e-08
682  7.49604e-08
683  7.54008e-08
684  6.86812e-08
685  6.77991e-08
686  6.76044e-08
687  6.74214e-08
688  6.62496e-08
689  6.41709e-08
690  6.17826e-08
691  5.91866e-08
692  5.74204e-08
693  5.73217e-08
694  5.66041e-08
695  5.5452e-08
696  5.38234e-08
697  5.2501e-08
698  5.21406e-08
699  5.00485e-08
700  4.94772e-08
701  4.98101e-08
702  4.69584e-08
703  4.53498e-08
704  4.43655e-08
705  4.51394e-08
706  4.33274e-08
707  4.28106e-08
708  4.09183e-08
709  4.0222e-08
710  3.92856e-08
711  3.90378e-08
712  3.77226e-08
713  3.70367e-08
714  3.60171e-08
715  3.66045e-08
716  3.4321e-08
717  3.41005e-08
718  3.24581e-08
719  3.26588e-08
720  3.14705e-08
721  3.00709e-08
722  2.93973e-08
723  2.8981e-08
724  2.98785e-08
725  2.80605e-08
726  2.75162e-08
727  2.69493e-08
728  2.68582e-08
729  2.60107e-08
730  2.55452e-08
731  2.5998e-08
732  2.38544e-08
733  2.29538e-08
734  2.30541e-08
735  2.26334e-08
736  2.20716e-08
737  2.14554e-08
738  2.12369e-08
739  2.0378e-08
740  2.02947e-08
741  2.01116e-08
742  1.89245e-08
743  1.8765e-08
744  1.81451e-08
745  1.78982e-08
746  1.79905e-08
747  1.72313e-08
748  1.65598e-08
749  1.71597e-08
750  1.62358e-08
751  1.54298e-08
752  1.49709e-08
753  1.47524e-08
754  1.47275e-08
755  1.39709e-08
756  1.37713e-08
757  1.36632e-08
758  1.32177e-08
759  1.31599e-08
760  1.25311e-08
761  1.19703e-08
762  1.19991e-08
763  1.17042e-08
764  1.16168e-08
765  1.11226e-08
766  1.07562e-08
767  1.04334e-08
768  1.01551e-08
769  1.04063e-08
770  9.80671e-09
771  9.65901e-09
772  9.46951e-09
773  8.9287e-09
774  8.84866e-09
775  8.77132e-09
776  8.53188e-09
777  8.24037e-09
778  7.80622e-09
779  7.61365e-09
780  7.44742e-09
781  7.57895e-09
782  7.04849e-09
783  6.90813e-09
784  6.68603e-09
785  6.27453e-09
786  6.23701e-09
787  5.9928e-09
788  5.68537e-09
789  5.43424e-09
790  5.25307e-09
791  5.13907e-09
792  5.03507e-09
793  4.66834e-09
794  4.29193e-09
795  4.07485e-09
796  3.79261e-09
797  3.74248e-09
798  3.39009e-09
799  3.07386e-09
800  2.82674e-09
