0.5  0.642428  0.000869884
1.5  0.303322  0.000596801
2.5  0.102892  0.000346625
3.5  0.0355972  0.000202877
4.5  0.0131985  0.000122613
5.5  0.00567483  7.96899e-05
6.5  0.00260516  5.32813e-05
7.5  0.00138789  3.82898e-05
8.5  0.000727872  2.69592e-05
9.5  0.000442082  2.04054e-05
10.5  0.00028076  1.5628e-05
11.5  0.000169865  1.13367e-05
12.5  0.000111212  8.48912e-06
13.5  7.56356e-05  6.4036e-06
14.5  4.93975e-05  4.45248e-06
15.5  3.87469e-05  3.76394e-06
16.5  2.64952e-05  2.38541e-06
17.5  2.05023e-05  2.06581e-06
18.5  1.70577e-05  2.06376e-06
19.5  1.11307e-05  1.45052e-07
20.5  1.24069e-05  2.06101e-06
21.5  7.1306e-06  1.07355e-07
22.5  5.71331e-06  9.21572e-08
23.5  4.57196e-06  7.79307e-08
24.5  3.73898e-06  6.67039e-08
25.5  3.12525e-06  5.79901e-08
26.5  2.58531e-06  4.9365e-08
27.5  2.20366e-06  4.4287e-08
28.5  1.83053e-06  3.74874e-08
29.5  1.56143e-06  3.31337e-08
30.5  1.33755e-06  2.82662e-08
31.5  1.13821e-06  2.45009e-08
32.5  9.3899e-07  1.8522e-08
33.5  8.32091e-07  1.75952e-08
34.5  7.22896e-07  1.45194e-08
35.5  6.19732e-07  1.271e-08
36.5  5.27358e-07  1.00923e-08
37.5  4.72967e-07  9.79001e-09
38.5  3.92852e-07  5.6441e-09
39.5  3.61894e-07  5.35406e-09
40.5  3.10428e-07  4.27697e-09
41.5  2.89374e-07  6.81759e-09
42.5  2.51821e-07  4.29625e-09
43.5  2.1972e-07  4.69971e-09
44.5  1.99362e-07  3.85186e-09
45.5  1.76342e-07  2.61924e-09
46.5  1.61766e-07  2.46066e-09
47.5  1.42528e-07  2.149e-09
48.5  1.28833e-07  1.97475e-09
49.5  1.18463e-07  1.83587e-09
50.5  1.05398e-07  1.58159e-09
51.5  9.23212e-08  1.26171e-09
52.5  8.36069e-08  1.22375e-09
53.5  7.87661e-08  1.15442e-09
54.5  6.7956e-08  9.20681e-10
55.5  6.47741e-08  9.02806e-10
56.5  5.92882e-08  9.28813e-10
57.5  5.45495e-08  8.64267e-10
58.5  4.79381e-08  6.22751e-10
59.5  4.49911e-08  6.14751e-10
60.5  4.19767e-08  6.0908e-10
61.5  3.78316e-08  5.34885e-10
62.5  3.45004e-08  4.53961e-10
63.5  3.18878e-08  4.46439e-10
64.5  3.0077e-08  4.39367e-10
65.5  2.74901e-08  3.72572e-10
66.5  2.48603e-08  3.63506e-10
67.5  2.33129e-08  3.4221e-10
68.5  2.14017e-08  2.8086e-10
69.5  2.01926e-08  2.74105e-10
70.5  1.84319e-08  2.46518e-10
71.5  1.68498e-08  2.16081e-10
72.5  1.61114e-08  2.17523e-10
73.5  1.46473e-08  1.91013e-10
74.5  1.37186e-08  1.80177e-10
75.5  1.31652e-08  1.71291e-10
76.5  1.2055e-08  1.69137e-10
77.5  1.11359e-08  1.48138e-10
78.5  1.03564e-08  1.29475e-10
79.5  9.86806e-09  1.29691e-10
80.5  9.08192e-09  1.16604e-10
81.5  8.55677e-09  1.16329e-10
82.5  8.05339e-09  1.04963e-10
83.5  7.43193e-09  9.67094e-11
84.5  7.088e-09  9.49128e-11
85.5  6.52735e-09  8.43665e-11
86.5  6.13796e-09  7.48884e-11
87.5  5.82791e-09  8.08045e-11
88.5  5.49835e-09  6.70982e-11
89.5  5.22076e-09  6.5937e-11
90.5  4.8236e-09  5.88174e-11
91.5  4.55592e-09  5.69676e-11
92.5  4.34528e-09  5.4799e-11
93.5  4.12363e-09  5.41548e-11
94.5  3.90579e-09  4.97602e-11
95.5  3.64424e-09  4.76719e-11
96.5  3.49909e-09  4.46547e-11
97.5  3.2901e-09  4.05306e-11
98.5  3.12128e-09  3.97747e-11
99.5  2.88299e-09  3.71163e-11
100.5  2.68938e-09  3.1818e-11
101.5  2.57968e-09  3.21006e-11
102.5  2.39643e-09  2.96021e-11
103.5  2.35282e-09  2.77924e-11
104.5  2.18741e-09  2.90144e-11
105.5  2.08944e-09  2.68026e-11
106.5  2.04753e-09  2.58218e-11
107.5  1.92028e-09  2.31136e-11
108.5  1.80649e-09  2.25534e-11
109.5  1.7347e-09  2.15697e-11
110.5  1.63317e-09  2.19447e-11
111.5  1.55652e-09  1.88818e-11
112.5  1.47656e-09  1.92158e-11
113.5  1.39986e-09  1.66866e-11
114.5  1.35735e-09  1.62567e-11
115.5  1.28463e-09  1.5641e-11
116.5  1.20944e-09  1.43251e-11
117.5  1.17395e-09  1.38163e-11
118.5  1.0814e-09  1.35625e-11
119.5  1.08058e-09  1.34832e-11
120.5  9.96539e-10  1.11963e-11
121.5  9.83273e-10  1.23025e-11
122.5  9.29541e-10  1.1517e-11
123.5  8.65502e-10  1.0129e-11
124.5  8.47974e-10  9.86768e-12
125.5  7.98975e-10  8.93075e-12
126.5  7.68186e-10  9.17573e-12
127.5  7.25395e-10  8.32167e-12
128.5  7.01966e-10  8.78564e-12
129.5  6.69027e-10  8.44422e-12
130.5  6.41446e-10  8.08122e-12
131.5  6.11438e-10  6.89293e-12
132.5  5.94201e-10  7.52873e-12
133.5  5.63524e-10  6.58894e-12
134.5  5.37486e-10  6.23645e-12
135.5  5.15763e-10  5.8575e-12
136.5  5.06883e-10  6.35074e-12
137.5  4.72768e-10  5.33148e-12
138.5  4.56987e-10  5.45438e-12
139.5  4.35826e-10  5.03934e-12
140.5  4.23152e-10  4.76113e-12
141.5  4.02704e-10  4.91667e-12
142.5  3.90288e-10  5.29291e-12
143.5  3.81401e-10  8.75963e-12
144.5  3.51342e-10  3.88219e-12
145.5  3.44362e-10  3.95028e-12
146.5  3.32553e-10  3.89045e-12
147.5  3.18403e-10  3.64414e-12
148.5  3.0838e-10  3.64316e-12
149.5  2.99272e-10  3.47515e-12
150.5  2.83095e-10  3.22112e-12
151.5  2.71682e-10  3.11482e-12
152.5  2.61051e-10  2.86955e-12
153.5  2.53178e-10  3.04712e-12
154.5  2.46053e-10  2.86927e-12
155.5  2.33943e-10  2.62482e-12
156.5  2.31062e-10  2.71858e-12
157.5  2.19718e-10  2.6066e-12
158.5  2.0925e-10  2.32636e-12
159.5  2.04975e-10  2.34539e-12
160.5  1.98567e-10  2.36604e-12
161.5  1.89332e-10  2.16004e-12
162.5  1.83559e-10  2.24037e-12
163.5  1.76284e-10  1.9292e-12
164.5  1.7082e-10  1.99606e-12
165.5  1.64278e-10  1.86884e-12
166.5  1.55828e-10  1.69807e-12
167.5  1.52426e-10  1.68587e-12
168.5  1.48999e-10  1.77374e-12
169.5  1.45218e-10  1.68502e-12
170.5  1.39625e-10  1.69809e-12
171.5  1.32208e-10  1.40312e-12
172.5  1.27783e-10  1.46761e-12
173.5  1.24722e-10  1.44268e-12
174.5  1.19164e-10  1.36487e-12
175.5  1.16825e-10  1.33713e-12
176.5  1.13606e-10  1.31874e-12
177.5  1.07735e-10  1.27099e-12
178.5  1.05701e-10  1.31524e-12
179.5  1.00507e-10  1.08e-12
180.5  9.76496e-11  1.12537e-12
181.5  9.45399e-11  1.11858e-12
182.5  9.1723e-11  1.03222e-12
183.5  9.10462e-11  1.0614e-12
184.5  8.58249e-11  9.2397e-13
185.5  8.21328e-11  8.43263e-13
186.5  7.986e-11  8.35994e-13
187.5  7.85404e-11  8.77939e-13
188.5  7.48034e-11  8.51802e-13
189.5  7.32441e-11  8.26931e-13
190.5  7.15435e-11  7.93626e-13
191.5  7.00141e-11  8.61919e-13
192.5  6.76059e-11  8.37266e-13
193.5  6.52401e-11  7.23057e-13
194.5  6.3063e-11  7.12548e-13
195.5  6.11588e-11  7.33113e-13
196.5  5.87818e-11  6.58354e-13
197.5  5.74884e-11  6.45617e-13
198.5  5.47498e-11  6.13634e-13
199.5  5.40918e-11  6.21674e-13
200.5  5.13851e-11  6.02403e-13
201.5  5.02131e-11  5.68065e-13
202.5  4.86585e-11  5.36015e-13
203.5  4.72209e-11  5.21156e-13
204.5  4.60336e-11  5.22904e-13
205.5  4.49159e-11  4.86757e-13
206.5  4.33582e-11  5.33855e-13
207.5  4.16046e-11  4.70316e-13
208.5  4.17509e-11  4.63174e-13
209.5  4.0058e-11  4.58264e-13
210.5  3.90674e-11  4.24646e-13
211.5  3.72482e-11  4.05021e-13
212.5  3.68636e-11  4.26044e-13
213.5  3.51959e-11  3.75452e-13
214.5  3.40936e-11  3.48975e-13
215.5  3.37054e-11  3.86289e-13
216.5  3.25351e-11  3.59704e-13
217.5  3.203e-11  3.59709e-13
218.5  3.11191e-11  3.56544e-13
219.5  3.00579e-11  3.26831e-13
220.5  2.87148e-11  3.10186e-13
221.5  2.88781e-11  3.40059e-13
222.5  2.69831e-11  2.86165e-13
223.5  2.70352e-11  3.10074e-13
224.5  2.56801e-11  2.77057e-13
225.5  2.58496e-11  2.93925e-13
226.5  2.45332e-11  2.99598e-13
227.5  2.38245e-11  2.6507e-13
228.5  2.3196e-11  2.59668e-13
229.5  2.22785e-11  2.34466e-13
230.5  2.21847e-11  2.51304e-13
231.5  2.16756e-11  2.42768e-13
232.5  2.0868e-11  2.22479e-13
233.5  2.03066e-11  2.24927e-13
234.5  1.97155e-11  2.16376e-13
235.5  1.92102e-11  2.03469e-13
236.5  1.88774e-11  2.01222e-13
237.5  1.83924e-11  2.11527e-13
238.5  1.78485e-11  1.87782e-13
239.5  1.73881e-11  1.91045e-13
240.5  1.69031e-11  1.83364e-13
241.5  1.64138e-11  1.80966e-13
242.5  1.59138e-11  1.62472e-13
243.5  1.56985e-11  1.62041e-13
244.5  1.50886e-11  1.63722e-13
245.5  1.48963e-11  1.59777e-13
246.5  1.4572e-11  1.73989e-13
247.5  1.41968e-11  1.50162e-13
248.5  1.39143e-11  1.53009e-13
249.5  1.32197e-11  1.3603e-13
250.5  1.31036e-11  1.44876e-13
251.5  1.25497e-11  1.31671e-13
252.5  1.24956e-11  1.32857e-13
253.5  1.21314e-11  1.31267e-13
254.5  1.17734e-11  1.25324e-13
255.5  1.1719e-11  1.27453e-13
256.5  1.13406e-11  1.18581e-13
257.5  1.09884e-11  1.1938e-13
258.5  1.04906e-11  1.04953e-13
259.5  1.02494e-11  1.04711e-13
260.5  1.03147e-11  1.12498e-13
261.5  9.96436e-12  1.04879e-13
262.5  9.66058e-12  1.02169e-13
263.5  9.2985e-12  1.0785e-13
264.5  9.41062e-12  1.06947e-13
265.5  8.95027e-12  9.24258e-14
266.5  8.64741e-12  9.16164e-14
267.5  8.54228e-12  9.44503e-14
268.5  8.4017e-12  8.99432e-14
269.5  8.31696e-12  9.47472e-14
270.5  7.97881e-12  8.00791e-14
271.5  7.83829e-12  8.72323e-14
272.5  7.53783e-12  7.89377e-14
273.5  7.41018e-12  7.58715e-14
274.5  7.19663e-12  7.94186e-14
275.5  6.99185e-12  7.23915e-14
276.5  6.89066e-12  7.24589e-14
277.5  6.6532e-12  6.72218e-14
278.5  6.65815e-12  7.27732e-14
279.5  6.48752e-12  7.20841e-14
280.5  6.36978e-12  6.53297e-14
281.5  6.05074e-12  6.53935e-14
282.5  6.10859e-12  6.99024e-14
283.5  5.84592e-12  6.19847e-14
284.5  5.81404e-12  6.39751e-14
285.5  5.65165e-12  6.63872e-14
286.5  5.53771e-12  6.73795e-14
287.5  5.30572e-12  5.50055e-14
288.5  5.30025e-12  5.87944e-14
289.5  5.0863e-12  5.24066e-14
290.5  5.00073e-12  5.89525e-14
291.5  4.98825e-12  5.50386e-14
292.5  4.79876e-12  5.70264e-14
293.5  4.64738e-12  4.85185e-14
294.5  4.48403e-12  4.66587e-14
295.5  4.42216e-12  4.53592e-14
296.5  4.32358e-12  4.4251e-14
297.5  4.20505e-12  4.23987e-14
298.5  4.26849e-12  4.65059e-14
299.5  4.03163e-12  4.39475e-14
300.5  4.01158e-12  4.37858e-14
301.5  3.87205e-12  3.93515e-14
302.5  3.83706e-12  4.09148e-14
303.5  3.78577e-12  4.23763e-14
304.5  3.6007e-12  3.83742e-14
305.5  3.55224e-12  3.95367e-14
306.5  3.52639e-12  3.65493e-14
307.5  3.42269e-12  3.69156e-14
308.5  3.33813e-12  3.52198e-14
309.5  3.25125e-12  3.36394e-14
310.5  3.18627e-12  3.52629e-14
311.5  3.21636e-12  4.04847e-14
312.5  3.05136e-12  3.28224e-14
313.5  3.04081e-12  3.23132e-14
314.5  2.93642e-12  2.93474e-14
315.5  2.88728e-12  3.1678e-14
316.5  2.82528e-12  2.86445e-14
317.5  2.78634e-12  3.27641e-14
318.5  2.6845e-12  3.10516e-14
319.5  2.6735e-12  2.87557e-14
320.5  2.58184e-12  2.67579e-14
321.5  2.55104e-12  2.6298e-14
322.5  2.48607e-12  2.59353e-14
323.5  2.40483e-12  2.70216e-14
324.5  2.39629e-12  2.49787e-14
325.5  2.32543e-12  2.44405e-14
326.5  2.27485e-12  2.38679e-14
327.5  2.24048e-12  2.40455e-14
328.5  2.17943e-12  2.29436e-14
329.5  2.13705e-12  2.19713e-14
330.5  2.08968e-12  2.16612e-14
331.5  2.03138e-12  2.06827e-14
332.5  2.04293e-12  2.18723e-14
333.5  1.96872e-12  2.25789e-14
334.5  1.9032e-12  1.92943e-14
335.5  1.8825e-12  1.96471e-14
336.5  1.84552e-12  1.86662e-14
337.5  1.80647e-12  1.88741e-14
338.5  1.74136e-12  1.73906e-14
339.5  1.74097e-12  1.85657e-14
340.5  1.74811e-12  1.86684e-14
341.5  1.67301e-12  1.70659e-14
342.5  1.63414e-12  1.80134e-14
343.5  1.64217e-12  1.83008e-14
344.5  1.59191e-12  1.78186e-14
345.5  1.55161e-12  1.64186e-14
346.5  1.52915e-12  1.6971e-14
347.5  1.51041e-12  1.68422e-14
348.5  1.47091e-12  1.49853e-14
349.5  1.43685e-12  1.47605e-14
350.5  1.37909e-12  1.38011e-14
351.5  1.38346e-12  1.49773e-14
352.5  1.35411e-12  1.58953e-14
353.5  1.31845e-12  1.44997e-14
354.5  1.33039e-12  1.5601e-14
355.5  1.28592e-12  1.38072e-14
356.5  1.22481e-12  1.15703e-14
357.5  1.22244e-12  1.28126e-14
358.5  1.20018e-12  1.30121e-14
359.5  1.18361e-12  1.33172e-14
360.5  1.15596e-12  1.20845e-14
361.5  1.14532e-12  1.18409e-14
362.5  1.08795e-12  1.15227e-14
363.5  1.09321e-12  1.14614e-14
364.5  1.07542e-12  1.06803e-14
365.5  1.05116e-12  1.08997e-14
366.5  1.03012e-12  1.10123e-14
367.5  1.01187e-12  1.04824e-14
368.5  9.90144e-13  1.03135e-14
369.5  9.64629e-13  1.01895e-14
370.5  9.541e-13  9.68309e-15
371.5  9.40097e-13  9.72279e-15
372.5  9.22724e-13  9.53573e-15
373.5  8.86592e-13  8.73945e-15
374.5  9.01757e-13  1.05706e-14
375.5  8.54072e-13  8.94273e-15
376.5  8.61573e-13  9.71286e-15
377.5  8.42239e-13  9.37559e-15
378.5  8.29499e-13  9.04419e-15
379.5  8.07422e-13  8.92835e-15
380.5  7.87233e-13  8.45729e-15
381.5  7.71757e-13  8.06637e-15
382.5  7.74424e-13  8.95773e-15
383.5  7.52187e-13  8.38782e-15
384.5  7.17161e-13  8.04334e-15
385.5  7.21893e-13  7.28011e-15
386.5  7.03539e-13  8.04905e-15
387.5  6.96842e-13  7.19679e-15
388.5  6.74412e-13  6.90719e-15
389.5  6.67153e-13  7.02793e-15
390.5  6.55164e-13  7.14607e-15
391.5  6.55659e-13  6.74395e-15
392.5  6.37575e-13  6.90225e-15
393.5  6.26497e-13  6.45028e-15
394.5  6.14751e-13  6.77041e-15
395.5  6.16782e-13  6.88945e-15
396.5  5.93229e-13  6.18396e-15
397.5  5.78089e-13  6.20795e-15
398.5  5.62113e-13  5.69525e-15
399.5  5.5097e-13  6.49453e-15
400.5  5.41951e-13  5.52984e-15
401.5  5.46594e-13  6.06369e-15
402.5  5.20669e-13  5.79832e-15
403.5  5.20676e-13  5.98165e-15
404.5  5.09286e-13  5.25008e-15
405.5  5.00931e-13  5.18771e-15
406.5  4.90989e-13  4.94593e-15
407.5  4.85595e-13  5.35984e-15
408.5  4.66186e-13  4.39169e-15
409.5  4.7806e-13  5.70812e-15
410.5  4.56987e-13  4.87376e-15
411.5  4.54896e-13  4.95362e-15
412.5  4.34304e-13  4.2228e-15
413.5  4.45249e-13  4.99909e-15
414.5  4.28683e-13  4.38899e-15
415.5  4.16974e-13  4.45429e-15
416.5  4.11692e-13  4.26164e-15
417.5  4.13601e-13  4.46965e-15
418.5  3.97256e-13  4.29016e-15
419.5  3.89915e-13  4.07997e-15
420.5  3.83249e-13  3.90405e-15
421.5  3.80594e-13  4.86041e-15
422.5  3.68574e-13  3.58438e-15
423.5  3.66683e-13  3.6805e-15
424.5  3.5885e-13  4.0143e-15
425.5  3.53675e-13  3.53522e-15
426.5  3.40608e-13  3.31948e-15
427.5  3.3845e-13  3.32498e-15
428.5  3.33963e-13  3.33662e-15
429.5  3.30648e-13  3.49058e-15
430.5  3.20557e-13  3.5077e-15
431.5  3.17232e-13  3.26388e-15
432.5  3.07905e-13  3.18573e-15
433.5  3.10101e-13  3.35598e-15
434.5  3.0087e-13  3.3127e-15
435.5  3.03478e-13  3.47054e-15
436.5  2.91044e-13  3.21081e-15
437.5  2.85805e-13  3.02964e-15
438.5  2.78146e-13  2.86257e-15
439.5  2.75771e-13  2.85635e-15
440.5  2.74118e-13  3.05775e-15
441.5  2.7094e-13  2.93965e-15
442.5  2.63353e-13  2.74763e-15
443.5  2.5764e-13  2.74286e-15
444.5  2.54137e-13  2.68593e-15
445.5  2.48314e-13  3.09713e-15
446.5  2.45873e-13  2.71446e-15
447.5  2.43291e-13  2.77565e-15
448.5  2.35795e-13  2.53051e-15
449.5  2.33143e-13  2.36979e-15
450.5  2.30815e-13  2.32955e-15
451.5  2.22628e-13  2.15792e-15
452.5  2.24682e-13  2.42333e-15
453.5  2.18336e-13  2.43748e-15
454.5  2.17107e-13  2.56188e-15
455.5  2.09874e-13  2.04568e-15
456.5  2.05172e-13  2.0317e-15
457.5  2.03789e-13  1.97567e-15
458.5  2.04138e-13  2.22588e-15
459.5  1.96465e-13  2.07722e-15
460.5  2.00637e-13  2.6156e-15
461.5  1.89948e-13  1.95133e-15
462.5  1.90726e-13  1.93741e-15
463.5  1.83873e-13  1.85719e-15
464.5  1.81082e-13  1.85312e-15
465.5  1.80322e-13  1.82793e-15
466.5  1.78645e-13  1.91122e-15
467.5  1.75017e-13  1.85181e-15
468.5  1.72094e-13  1.75371e-15
469.5  1.65817e-13  1.7201e-15
470.5  1.66669e-13  1.74078e-15
471.5  1.63398e-13  1.76949e-15
472.5  1.61416e-13  1.71236e-15
473.5  1.5994e-13  1.72698e-15
474.5  1.55087e-13  1.60513e-15
475.5  1.52863e-13  1.64048e-15
476.5  1.50499e-13  1.47015e-15
477.5  1.4944e-13  1.48628e-15
478.5  1.46895e-13  1.54967e-15
479.5  1.43929e-13  1.48411e-15
480.5  1.37896e-13  1.3312e-15
481.5  1.38017e-13  1.41345e-15
482.5  1.3844e-13  1.50377e-15
483.5  1.34262e-13  1.37099e-15
484.5  1.30572e-13  1.28514e-15
485.5  1.30811e-13  1.34379e-15
486.5  1.27758e-13  1.28493e-15
487.5  1.27954e-13  1.34798e-15
488.5  1.27066e-13  1.44956e-15
489.5  1.22342e-13  1.27782e-15
490.5  1.20366e-13  1.27298e-15
491.5  1.1895e-13  1.27063e-15
492.5  1.17853e-13  1.23695e-15
493.5  1.14912e-13  1.2374e-15
494.5  1.148e-13  1.18836e-15
495.5  1.12858e-13  1.25891e-15
496.5  1.09125e-13  1.07985e-15
497.5  1.06885e-13  1.12819e-15
498.5  1.05461e-13  1.11429e-15
499.5  1.0467e-13  1.08518e-15
500.5  1.02066e-13  1.02095e-15
501.5  1.00731e-13  1.04652e-15
502.5  1.00224e-13  1.14822e-15
503.5  9.8711e-14  1.09595e-15
504.5  9.65377e-14  9.78863e-16
505.5  9.66183e-14  1.01985e-15
506.5  9.52318e-14  9.8363e-16
507.5  9.41831e-14  1.04292e-15
508.5  9.1144e-14  9.68255e-16
509.5  9.07092e-14  1.03141e-15
510.5  8.73304e-14  9.13976e-16
511.5  8.60305e-14  8.58546e-16
512.5  8.49926e-14  9.35746e-16
513.5  8.46825e-14  9.26089e-16
514.5  8.2666e-14  8.95874e-16
515.5  8.30811e-14  9.2896e-16
516.5  7.94415e-14  7.87868e-16
517.5  8.04781e-14  9.27107e-16
518.5  7.87469e-14  8.16461e-16
519.5  7.69327e-14  8.23294e-16
520.5  7.63267e-14  8.62708e-16
521.5  7.45519e-14  8.05471e-16
522.5  7.48462e-14  7.76032e-16
523.5  7.31554e-14  8.39025e-16
524.5  7.16673e-14  8.11771e-16
525.5  6.98273e-14  7.73228e-16
526.5  6.88404e-14  6.99728e-16
527.5  6.9441e-14  7.68185e-16
528.5  6.63215e-14  6.82856e-16
529.5  6.56026e-14  6.83764e-16
530.5  6.52618e-14  7.5726e-16
531.5  6.45115e-14  6.75309e-16
532.5  6.24591e-14  6.34361e-16
533.5  6.23184e-14  6.79311e-16
534.5  6.11746e-14  6.01511e-16
535.5  6.0984e-14  6.6659e-16
536.5  5.95889e-14  5.80903e-16
537.5  5.88621e-14  6.49846e-16
538.5  5.7856e-14  5.91104e-16
539.5  5.68819e-14  5.71285e-16
540.5  5.5958e-14  5.6392e-16
541.5  5.45484e-14  5.62139e-16
542.5  5.49473e-14  5.60605e-16
543.5  5.37611e-14  5.56973e-16
544.5  5.22173e-14  5.4306e-16
545.5  5.27597e-14  6.03005e-16
546.5  5.05902e-14  5.0554e-16
547.5  5.16266e-14  5.38861e-16
548.5  4.99513e-14  5.54909e-16
549.5  4.90574e-14  5.15626e-16
550.5  4.84191e-14  4.93785e-16
551.5  4.77688e-14  5.59753e-16
552.5  4.76833e-14  4.86709e-16
553.5  4.63702e-14  5.18677e-16
554.5  4.55304e-14  5.29037e-16
555.5  4.47267e-14  4.48464e-16
556.5  4.47252e-14  4.757e-16
557.5  4.39647e-14  6.04388e-16
558.5  4.36159e-14  4.46941e-16
559.5  4.2311e-14  4.15039e-16
560.5  4.10349e-14  4.27634e-16
561.5  4.1837e-14  4.88674e-16
562.5  4.06309e-14  4.23258e-16
563.5  4.00049e-14  4.02269e-16
564.5  3.9121e-14  3.93652e-16
565.5  3.93258e-14  4.66309e-16
566.5  3.87526e-14  4.0166e-16
567.5  3.78704e-14  4.1011e-16
568.5  3.70404e-14  3.73307e-16
569.5  3.66561e-14  3.90095e-16
570.5  3.68182e-14  4.27082e-16
571.5  3.56076e-14  3.63615e-16
572.5  3.55379e-14  3.85466e-16
573.5  3.47232e-14  3.91254e-16
574.5  3.44553e-14  3.61218e-16
575.5  3.33953e-14  3.50206e-16
576.5  3.34163e-14  3.99824e-16
577.5  3.25314e-14  3.34806e-16
578.5  3.22795e-14  3.53608e-16
579.5  3.17895e-14  3.22018e-16
580.5  3.12836e-14  3.5849e-16
581.5  3.09337e-14  3.35991e-16
582.5  2.98366e-14  3.47408e-16
583.5  3.0198e-14  3.32747e-16
584.5  2.97436e-14  3.05913e-16
585.5  2.88493e-14  2.90162e-16
586.5  2.906e-14  3.32355e-16
587.5  2.81678e-14  2.96305e-16
588.5  2.78329e-14  2.75008e-16
589.5  2.77256e-14  3.3713e-16
590.5  2.72394e-14  2.80117e-16
591.5  2.64004e-14  2.65591e-16
592.5  2.63823e-14  2.77244e-16
593.5  2.57756e-14  2.57321e-16
594.5  2.52261e-14  2.46287e-16
595.5  2.49165e-14  2.40791e-16
596.5  2.50524e-14  2.72573e-16
597.5  2.42368e-14  2.82379e-16
598.5  2.47199e-14  2.91421e-16
599.5  2.37618e-14  2.40657e-16
600.5  2.3346e-14  2.43554e-16
601.5  2.33226e-14  2.55763e-16
602.5  2.26563e-14  2.46501e-16
603.5  2.24399e-14  2.40096e-16
604.5  2.24218e-14  2.37645e-16
605.5  2.24066e-14  2.53525e-16
606.5  2.16719e-14  2.41905e-16
607.5  2.15696e-14  2.41746e-16
608.5  2.10573e-14  2.45301e-16
609.5  2.07111e-14  2.4201e-16
610.5  2.04582e-14  2.12153e-16
611.5  1.99466e-14  2.06732e-16
612.5  1.97169e-14  2.05354e-16
613.5  1.9645e-14  1.97769e-16
614.5  1.92203e-14  2.25046e-16
615.5  1.87677e-14  1.82697e-16
616.5  1.87746e-14  2.11727e-16
617.5  1.86877e-14  2.11665e-16
618.5  1.85211e-14  2.05263e-16
619.5  1.8103e-14  2.06423e-16
620.5  1.78367e-14  1.70151e-16
621.5  1.73053e-14  1.75745e-16
622.5  1.7655e-14  2.09007e-16
623.5  1.70416e-14  1.71439e-16
624.5  1.68932e-14  2.09271e-16
625.5  1.65949e-14  1.71324e-16
626.5  1.58675e-14  1.63799e-16
627.5  1.6141e-14  1.77495e-16
628.5  1.59739e-14  1.88172e-16
629.5  1.57612e-14  1.74342e-16
630.5  1.57496e-14  1.73372e-16
631.5  1.52626e-14  2.26815e-16
632.5  1.53889e-14  1.98345e-16
633.5  1.50048e-14  1.57035e-16
634.5  1.46849e-14  1.4913e-16
635.5  1.46166e-14  1.72113e-16
636.5  1.44661e-14  1.49591e-16
637.5  1.42134e-14  1.6946e-16
638.5  1.41108e-14  1.80135e-16
639.5  1.37814e-14  1.44117e-16
640.5  1.36186e-14  1.56405e-16
641.5  1.32747e-14  1.44871e-16
642.5  1.36475e-14  1.56208e-16
643.5  1.32465e-14  1.56144e-16
644.5  1.28652e-14  1.40571e-16
645.5  1.27627e-14  1.37479e-16
646.5  1.24774e-14  1.194e-16
647.5  1.23877e-14  1.42515e-16
648.5  1.21599e-14  1.4032e-16
649.5  1.22012e-14  1.37252e-16
650.5  1.19186e-14  1.47773e-16
651.5  1.17445e-14  1.38915e-16
652.5  1.14446e-14  1.1439e-16
653.5  1.15083e-14  1.25612e-16
654.5  1.12316e-14  1.25305e-16
655.5  1.12505e-14  1.21912e-16
656.5  1.0937e-14  1.14086e-16
657.5  1.08843e-14  1.25315e-16
658.5  1.053e-14  1.08046e-16
659.5  1.0561e-14  1.39071e-16
660.5  1.02209e-14  1.04623e-16
661.5  1.02984e-14  1.0968e-16
662.5  1.01071e-14  1.2032e-16
663.5  1.00379e-14  1.10299e-16
664.5  9.8427e-15  1.08067e-16
665.5  9.64444e-15  1.01946e-16
666.5  9.51136e-15  1.03057e-16
667.5  9.56919e-15  1.07405e-16
668.5  9.0872e-15  8.76816e-17
669.5  9.32241e-15  1.14588e-16
670.5  9.06521e-15  1.04981e-16
671.5  9.14681e-15  1.10933e-16
672.5  8.78826e-15  9.59995e-17
673.5  8.71563e-15  9.87781e-17
674.5  8.29707e-15  8.22068e-17
675.5  8.49029e-15  1.01624e-16
676.5  8.23923e-15  9.26028e-17
677.5  8.07585e-15  7.70465e-17
678.5  8.16826e-15  8.43157e-17
679.5  8.11764e-15  8.27378e-17
680.5  7.93914e-15  8.39084e-17
681.5  7.85566e-15  8.23492e-17
682.5  7.72196e-15  7.68295e-17
683.5  7.55589e-15  8.08786e-17
684.5  7.47989e-15  7.59984e-17
685.5  7.45228e-15  7.80803e-17
686.5  7.29263e-15  8.66625e-17
687.5  7.18553e-15  7.61998e-17
688.5  7.04514e-15  7.40006e-17
689.5  7.04632e-15  7.2287e-17
690.5  6.94102e-15  7.7101e-17
691.5  6.86572e-15  7.36246e-17
692.5  6.95412e-15  7.88618e-17
693.5  6.7462e-15  9.90383e-17
694.5  6.54252e-15  6.64595e-17
695.5  6.39817e-15  6.68792e-17
696.5  6.32752e-15  6.3119e-17
697.5  6.32854e-15  6.33311e-17
698.5  6.43321e-15  8.0474e-17
699.5  6.02362e-15  6.10471e-17
700.5  6.0185e-15  6.07031e-17
701.5  6.09296e-15  6.59795e-17
702.5  5.8145e-15  6.33097e-17
703.5  5.81598e-15  5.94958e-17
704.5  5.76473e-15  6.13436e-17
705.5  5.65056e-15  7.2579e-17
706.5  5.65066e-15  6.21047e-17
707.5  5.6126e-15  6.07958e-17
708.5  5.54568e-15  6.47849e-17
709.5  5.36349e-15  5.6944e-17
710.5  5.32028e-15  5.61033e-17
711.5  5.24359e-15  5.33845e-17
712.5  5.15986e-15  5.58158e-17
713.5  5.162e-15  5.50392e-17
714.5  5.03532e-15  5.38837e-17
715.5  5.03595e-15  6.42592e-17
716.5  4.9777e-15  5.37883e-17
717.5  4.86525e-15  5.72346e-17
718.5  4.86593e-15  5.48757e-17
719.5  4.7028e-15  5.01076e-17
720.5  4.72149e-15  5.37934e-17
721.5  4.6101e-15  4.82458e-17
722.5  4.63373e-15  5.56681e-17
723.5  4.61659e-15  6.26444e-17
724.5  4.46416e-15  4.48486e-17
725.5  4.41792e-15  5.20185e-17
726.5  4.33454e-15  4.44413e-17
727.5  4.26615e-15  4.77067e-17
728.5  4.22116e-15  4.90587e-17
729.5  4.13685e-15  4.26115e-17
730.5  4.0764e-15  4.05884e-17
731.5  4.09779e-15  5.05658e-17
732.5  3.96445e-15  3.8708e-17
733.5  4.01476e-15  4.50895e-17
734.5  3.90358e-15  4.00578e-17
735.5  3.91449e-15  4.42139e-17
736.5  3.8062e-15  3.81361e-17
737.5  3.79767e-15  4.41261e-17
738.5  3.69301e-15  3.77314e-17
739.5  3.73457e-15  4.20844e-17
740.5  3.64364e-15  4.08394e-17
741.5  3.56208e-15  4.29218e-17
742.5  3.53851e-15  4.16241e-17
743.5  3.45113e-15  3.63643e-17
744.5  3.45481e-15  3.85143e-17
745.5  3.41376e-15  3.77102e-17
746.5  3.40939e-15  4.26169e-17
747.5  3.33564e-15  3.64658e-17
748.5  3.25938e-15  3.36046e-17
749.5  3.33118e-15  4.31236e-17
750.5  3.199e-15  3.65546e-17
751.5  3.20593e-15  3.71675e-17
752.5  3.09608e-15  3.14237e-17
753.5  3.00343e-15  3.05835e-17
754.5  3.11943e-15  4.93165e-17
755.5  3.03146e-15  3.55468e-17
756.5  2.94785e-15  4.80258e-17
757.5  2.88344e-15  3.15601e-17
758.5  2.86236e-15  2.98685e-17
759.5  2.82263e-15  2.8489e-17
760.5  2.87494e-15  4.34734e-17
761.5  2.7795e-15  2.84453e-17
762.5  2.76505e-15  3.06591e-17
763.5  2.68754e-15  2.83377e-17
764.5  2.69329e-15  2.97106e-17
765.5  2.6034e-15  2.84564e-17
766.5  2.57108e-15  2.59544e-17
767.5  2.6001e-15  2.84518e-17
768.5  2.49719e-15  2.76497e-17
769.5  2.53188e-15  2.89452e-17
770.5  2.45649e-15  3.10763e-17
771.5  2.40413e-15  2.45625e-17
772.5  2.40863e-15  2.51254e-17
773.5  2.38418e-15  2.76538e-17
774.5  2.35652e-15  2.72828e-17
775.5  2.35413e-15  2.868e-17
776.5  2.29254e-15  2.54451e-17
777.5  2.27527e-15  2.74174e-17
778.5  2.2399e-15  2.52847e-17
779.5  2.20225e-15  2.53837e-17
780.5  2.14124e-15  2.14463e-17
781.5  2.15244e-15  2.53713e-17
782.5  2.16745e-15  4.51612e-17
783.5  2.09825e-15  2.42165e-17
784.5  2.06595e-15  2.27418e-17
785.5  2.05529e-15  2.03682e-17
786.5  2.04471e-15  2.20761e-17
787.5  2.0407e-15  2.55672e-17
788.5  1.98747e-15  2.23449e-17
789.5  1.965e-15  2.27756e-17
790.5  1.924e-15  2.12321e-17
791.5  1.88899e-15  1.99034e-17
792.5  1.90793e-15  2.08431e-17
793.5  1.89322e-15  2.40995e-17
794.5  1.82966e-15  2.01437e-17
795.5  1.81285e-15  1.98151e-17
796.5  1.77378e-15  1.93074e-17
797.5  1.74104e-15  1.75126e-17
798.5  1.76209e-15  2.34182e-17
799.5  1.71703e-15  1.95861e-17
800.5  1.7029e-15  1.95685e-17
801.5  1.66274e-15  1.81155e-17
802.5  1.6494e-15  1.96112e-17
803.5  1.66372e-15  2.40177e-17
804.5  1.62088e-15  1.93012e-17
805.5  1.61703e-15  1.75256e-17
806.5  1.58991e-15  1.84484e-17
807.5  1.54594e-15  1.6025e-17
808.5  1.53265e-15  1.63468e-17
809.5  1.51537e-15  1.61763e-17
810.5  1.48958e-15  1.99343e-17
811.5  1.49634e-15  1.86415e-17
812.5  1.45224e-15  1.9827e-17
813.5  1.48499e-15  1.86483e-17
814.5  1.41939e-15  1.51828e-17
815.5  1.40642e-15  1.51678e-17
816.5  1.37354e-15  2.05275e-17
817.5  1.37028e-15  1.63348e-17
818.5  1.36206e-15  1.53104e-17
819.5  1.34557e-15  1.32328e-17
820.5  1.34694e-15  1.57384e-17
821.5  1.32621e-15  1.47015e-17
822.5  1.31098e-15  1.65741e-17
823.5  1.29813e-15  1.70293e-17
824.5  1.25153e-15  1.44639e-17
825.5  1.2561e-15  1.44664e-17
826.5  1.23942e-15  1.43646e-17
827.5  1.20316e-15  1.2683e-17
828.5  1.18745e-15  1.20568e-17
829.5  1.19811e-15  1.32411e-17
830.5  1.14791e-15  1.11814e-17
831.5  1.17163e-15  1.35684e-17
832.5  1.14685e-15  1.2012e-17
833.5  1.12004e-15  1.15568e-17
834.5  1.11297e-15  1.68413e-17
835.5  1.10111e-15  1.24272e-17
836.5  1.08865e-15  1.19399e-17
837.5  1.07037e-15  1.11134e-17
838.5  1.05013e-15  1.17507e-17
839.5  1.04754e-15  1.24872e-17
840.5  1.04091e-15  1.42111e-17
841.5  1.04356e-15  1.85755e-17
842.5  1.02096e-15  1.19093e-17
843.5  9.98136e-16  1.15442e-17
844.5  9.94351e-16  1.36693e-17
845.5  9.59753e-16  9.63613e-18
846.5  9.81666e-16  1.23685e-17
847.5  9.46779e-16  1.01206e-17
848.5  9.33613e-16  1.06875e-17
849.5  9.20391e-16  9.9044e-18
850.5  9.21269e-16  9.90126e-18
851.5  8.90846e-16  1.03044e-17
852.5  9.0781e-16  1.02446e-17
853.5  8.79543e-16  9.07642e-18
854.5  8.67642e-16  9.11652e-18
855.5  8.6751e-16  1.20909e-17
856.5  8.51767e-16  1.12419e-17
857.5  8.47664e-16  1.00528e-17
858.5  8.28272e-16  1.09448e-17
859.5  8.27313e-16  9.28528e-18
860.5  8.07293e-16  9.30491e-18
861.5  7.99474e-16  7.76884e-18
862.5  7.9165e-16  8.94091e-18
863.5  7.74942e-16  8.05889e-18
864.5  7.60872e-16  8.18728e-18
865.5  7.85775e-16  9.5328e-18
866.5  7.47834e-16  8.4311e-18
867.5  7.37422e-16  7.48483e-18
868.5  7.34176e-16  1.05462e-17
869.5  7.31995e-16  8.94406e-18
870.5  7.08522e-16  7.75257e-18
871.5  7.14627e-16  9.07174e-18
872.5  6.89831e-16  8.24523e-18
873.5  7.12256e-16  1.34515e-17
874.5  6.80094e-16  7.50081e-18
875.5  6.70241e-16  6.78642e-18
876.5  6.86691e-16  9.147e-18
877.5  6.54794e-16  7.82514e-18
878.5  6.56151e-16  7.60194e-18
879.5  6.45064e-16  1.03436e-17
880.5  6.28952e-16  6.5133e-18
881.5  6.21104e-16  6.81896e-18
882.5  6.18938e-16  7.24102e-18
883.5  6.23954e-16  8.13855e-18
884.5  6.02362e-16  6.76114e-18
885.5  5.923e-16  6.25706e-18
886.5  5.90141e-16  6.68399e-18
887.5  5.88417e-16  7.18658e-18
888.5  5.7574e-16  6.53765e-18
889.5  5.76748e-16  7.16233e-18
890.5  5.63699e-16  6.57936e-18
891.5  5.49656e-16  5.50078e-18
892.5  5.56731e-16  7.16964e-18
893.5  5.48742e-16  6.22391e-18
894.5  5.36663e-16  6.50335e-18
895.5  5.31057e-16  8.30826e-18
896.5  5.20815e-16  8.27977e-18
897.5  5.08511e-16  5.18508e-18
898.5  5.06065e-16  6.19903e-18
899.5  5.03762e-16  5.38608e-18
900.5  5.18253e-16  1.19216e-17
901.5  4.95291e-16  6.14537e-18
902.5  4.87067e-16  5.59384e-18
903.5  4.79871e-16  5.6596e-18
904.5  4.83403e-16  9.2554e-18
905.5  4.60924e-16  4.89559e-18
906.5  4.62432e-16  5.43276e-18
907.5  4.57289e-16  5.19722e-18
908.5  4.62612e-16  7.42189e-18
909.5  4.53858e-16  5.29727e-18
910.5  4.41745e-16  4.91749e-18
911.5  4.41116e-16  6.03052e-18
912.5  4.26252e-16  4.72204e-18
913.5  4.33349e-16  5.99069e-18
914.5  4.17062e-16  5.09635e-18
915.5  4.22595e-16  5.45735e-18
916.5  4.21521e-16  6.32736e-18
917.5  4.0979e-16  5.18499e-18
918.5  4.06449e-16  5.67713e-18
919.5  4.01666e-16  5.14601e-18
920.5  3.93881e-16  4.99833e-18
921.5  3.84832e-16  4.09235e-18
922.5  3.79595e-16  4.15724e-18
923.5  3.82805e-16  4.98557e-18
924.5  3.72143e-16  3.93506e-18
925.5  3.61368e-16  3.616e-18
926.5  3.62423e-16  3.86557e-18
927.5  3.60428e-16  4.32874e-18
928.5  3.56238e-16  4.35996e-18
929.5  3.4825e-16  3.92875e-18
930.5  3.52721e-16  4.38349e-18
931.5  3.42128e-16  4.52444e-18
932.5  3.40293e-16  3.64535e-18
933.5  3.33351e-16  3.93527e-18
934.5  3.23673e-16  3.27974e-18
935.5  3.23919e-16  3.52788e-18
936.5  3.2223e-16  4.14561e-18
937.5  3.16601e-16  3.94701e-18
938.5  3.13799e-16  4.20536e-18
939.5  3.10893e-16  4.34406e-18
940.5  3.05946e-16  3.52985e-18
941.5  3.07119e-16  3.82131e-18
942.5  2.98515e-16  4.50107e-18
943.5  3.00894e-16  4.75785e-18
944.5  2.924e-16  3.88126e-18
945.5  2.90351e-16  3.13644e-18
946.5  2.9101e-16  3.64665e-18
947.5  2.79906e-16  3.03746e-18
948.5  2.84753e-16  5.65042e-18
949.5  2.75443e-16  3.12025e-18
950.5  2.79391e-16  3.3904e-18
951.5  2.67389e-16  3.16881e-18
952.5  2.61323e-16  3.09379e-18
953.5  2.61446e-16  3.36303e-18
954.5  2.55668e-16  2.96058e-18
955.5  2.59092e-16  2.91446e-18
956.5  2.54199e-16  3.50221e-18
957.5  2.55146e-16  2.96441e-18
958.5  2.47908e-16  3.14084e-18
959.5  2.4146e-16  2.54488e-18
960.5  2.44176e-16  3.83923e-18
961.5  2.36901e-16  2.36973e-18
962.5  2.39548e-16  3.63952e-18
963.5  2.29261e-16  2.3802e-18
964.5  2.36712e-16  3.3208e-18
965.5  2.2462e-16  2.39752e-18
966.5  2.24218e-16  2.91262e-18
967.5  2.22762e-16  2.49804e-18
968.5  2.22063e-16  2.63727e-18
969.5  2.20327e-16  3.23208e-18
970.5  2.21565e-16  7.843e-18
971.5  2.1146e-16  2.68571e-18
972.5  2.13872e-16  3.3223e-18
973.5  2.06346e-16  2.34365e-18
974.5  2.05278e-16  2.50088e-18
975.5  2.00063e-16  2.37771e-18
976.5  2.01836e-16  3.69566e-18
977.5  1.96781e-16  2.30518e-18
978.5  1.91268e-16  2.23402e-18
979.5  1.95245e-16  2.20589e-18
980.5  1.91894e-16  2.67825e-18
981.5  1.8854e-16  2.35064e-18
982.5  1.86361e-16  2.14092e-18
983.5  1.79467e-16  2.00235e-18
984.5  1.81123e-16  2.40157e-18
985.5  1.7938e-16  2.04326e-18
986.5  1.74772e-16  2.16409e-18
987.5  1.74542e-16  2.15685e-18
988.5  1.77222e-16  2.20118e-18
989.5  1.71704e-16  1.98961e-18
990.5  1.69007e-16  1.7924e-18
991.5  1.66988e-16  1.8777e-18
992.5  1.67417e-16  1.92555e-18
993.5  1.6503e-16  2.03103e-18
994.5  1.62575e-16  1.96064e-18
995.5  1.59552e-16  1.83993e-18
996.5  1.55922e-16  2.23557e-18
997.5  1.56451e-16  1.59307e-18
998.5  1.57345e-16  2.44075e-18
999.5  1.51479e-16  1.72784e-18
1000.5  1.48256e-16  1.54996e-18
1001.5  1.45214e-16  1.60284e-18
1002.5  1.4333e-16  1.44509e-18
1003.5  1.43634e-16  1.56951e-18
1004.5  1.44601e-16  1.699e-18
1005.5  1.41248e-16  1.53185e-18
1006.5  1.4125e-16  1.64679e-18
1007.5  1.38155e-16  1.62741e-18
1008.5  1.35515e-16  1.63703e-18
1009.5  1.33767e-16  1.33659e-18
1010.5  1.3294e-16  1.48576e-18
1011.5  1.32008e-16  1.37453e-18
1012.5  1.3178e-16  1.53633e-18
1013.5  1.3098e-16  1.79821e-18
1014.5  1.27884e-16  1.99167e-18
1015.5  1.24263e-16  1.40181e-18
1016.5  1.25797e-16  1.59696e-18
1017.5  1.2425e-16  1.60435e-18
1018.5  1.19295e-16  1.43979e-18
1019.5  1.2064e-16  1.35548e-18
1020.5  1.19861e-16  1.5679e-18
1021.5  1.16783e-16  1.66347e-18
1022.5  1.14915e-16  1.2329e-18
1023.5  1.14296e-16  1.50629e-18
1024.5  1.13738e-16  1.27567e-18
1025.5  1.11722e-16  1.42328e-18
1026.5  1.11204e-16  1.51121e-18
1027.5  1.09699e-16  1.50626e-18
1028.5  1.08325e-16  1.35808e-18
1029.5  1.04465e-16  1.09848e-18
1030.5  1.06224e-16  1.94722e-18
1031.5  1.02196e-16  1.2524e-18
1032.5  1.02169e-16  1.57196e-18
1033.5  9.96089e-17  9.55674e-19
1034.5  9.84813e-17  1.13653e-18
1035.5  9.90855e-17  1.21417e-18
1036.5  9.64378e-17  1.05724e-18
1037.5  9.58136e-17  1.07393e-18
1038.5  9.69253e-17  2.41479e-18
1039.5  9.42236e-17  1.07282e-18
1040.5  9.50877e-17  1.46274e-18
1041.5  9.18471e-17  1.00635e-18
1042.5  9.00549e-17  1.09819e-18
1043.5  9.05039e-17  1.27601e-18
1044.5  8.87997e-17  1.21604e-18
1045.5  8.78447e-17  1.09669e-18
1046.5  8.57448e-17  1.05439e-18
1047.5  8.89848e-17  1.36324e-18
1048.5  8.7673e-17  1.90034e-18
1049.5  8.48096e-17  1.22263e-18
1050.5  8.23093e-17  1.05915e-18
1051.5  7.97836e-17  9.40265e-19
1052.5  8.04532e-17  1.00066e-18
1053.5  7.90333e-17  8.37755e-19
1054.5  7.82595e-17  9.82256e-19
1055.5  7.73043e-17  8.54653e-19
1056.5  7.69058e-17  1.26006e-18
1057.5  7.64515e-17  1.01209e-18
1058.5  7.4313e-17  7.65904e-19
1059.5  7.41697e-17  8.53915e-19
1060.5  7.45098e-17  1.13053e-18
1061.5  7.30953e-17  1.00424e-18
1062.5  7.24701e-17  9.60176e-19
1063.5  7.02029e-17  8.48909e-19
1064.5  7.13675e-17  1.02962e-18
1065.5  6.96912e-17  8.11837e-19
1066.5  6.90623e-17  9.21641e-19
1067.5  6.81155e-17  8.17192e-19
1068.5  6.66438e-17  7.51375e-19
1069.5  6.55796e-17  7.31742e-19
1070.5  6.38353e-17  6.61084e-19
1071.5  6.46482e-17  8.11268e-19
1072.5  6.50706e-17  1.27125e-18
1073.5  6.28263e-17  7.35332e-19
1074.5  6.42975e-17  9.14967e-19
1075.5  6.17206e-17  7.36133e-19
1076.5  6.14411e-17  9.81918e-19
1077.5  6.17444e-17  1.94108e-18
1078.5  5.98536e-17  7.08521e-19
1079.5  5.906e-17  1.05781e-18
1080.5  5.63744e-17  6.25232e-19
1081.5  5.91893e-17  1.15581e-18
1082.5  5.60563e-17  6.14176e-19
1083.5  5.56097e-17  7.12262e-19
1084.5  5.61122e-17  8.41183e-19
1085.5  5.52663e-17  8.44031e-19
1086.5  5.45083e-17  7.08433e-19
1087.5  5.4128e-17  8.16263e-19
1088.5  5.38801e-17  1.13179e-18
1089.5  5.19956e-17  6.57654e-19
1090.5  5.03665e-17  5.33343e-19
1091.5  5.03116e-17  5.83788e-19
1092.5  4.95545e-17  5.39003e-19
1093.5  5.01012e-17  7.50334e-19
1094.5  4.90152e-17  6.08306e-19
1095.5  4.9735e-17  7.1443e-19
1096.5  4.68997e-17  5.11598e-19
1097.5  4.76096e-17  7.85818e-19
1098.5  4.65168e-17  5.2337e-19
1099.5  4.51559e-17  4.47234e-19
1100.5  4.57197e-17  5.29704e-19
1101.5  4.52032e-17  6.12196e-19
1102.5  4.47908e-17  5.74536e-19
1103.5  4.46769e-17  7.4959e-19
1104.5  4.31595e-17  5.04853e-19
1105.5  4.25118e-17  5.48886e-19
1106.5  4.28357e-17  6.2613e-19
1107.5  4.22586e-17  5.4592e-19
1108.5  4.12227e-17  5.43522e-19
1109.5  4.10503e-17  5.0085e-19
1110.5  4.05332e-17  4.55284e-19
1111.5  4.03037e-17  5.08441e-19
1112.5  4.06448e-17  1.10808e-18
1113.5  3.874e-17  4.90392e-19
1114.5  3.90796e-17  5.36357e-19
1115.5  3.81432e-17  4.78913e-19
1116.5  3.72314e-17  5.1977e-19
1117.5  3.68002e-17  4.27545e-19
1118.5  3.55879e-17  3.41289e-19
1119.5  3.66926e-17  5.10741e-19
1120.5  3.61586e-17  4.42934e-19
1121.5  3.55783e-17  4.48819e-19
1122.5  3.56575e-17  4.94928e-19
1123.5  3.47162e-17  4.3572e-19
1124.5  3.47331e-17  4.06003e-19
1125.5  3.41553e-17  3.88038e-19
1126.5  3.32951e-17  4.50466e-19
1127.5  3.30878e-17  4.5672e-19
1128.5  3.34688e-17  5.26822e-19
1129.5  3.22006e-17  4.29823e-19
1130.5  3.17241e-17  3.76153e-19
1131.5  3.14593e-17  5.0749e-19
1132.5  3.07132e-17  2.89082e-19
1133.5  3.12684e-17  4.04317e-19
1134.5  3.06844e-17  5.05364e-19
1135.5  3.01018e-17  3.83448e-19
1136.5  2.95936e-17  3.24282e-19
1137.5  2.92836e-17  3.90421e-19
1138.5  2.94538e-17  5.17648e-19
1139.5  2.84626e-17  3.50642e-19
1140.5  2.80554e-17  3.22288e-19
1141.5  2.78547e-17  3.34609e-19
1142.5  2.80668e-17  4.00537e-19
1143.5  2.69982e-17  3.32484e-19
1144.5  2.67903e-17  3.10335e-19
1145.5  2.67771e-17  3.63062e-19
1146.5  2.68196e-17  3.9786e-19
1147.5  2.67509e-17  4.29588e-19
1148.5  2.68045e-17  8.25984e-19
1149.5  2.56882e-17  3.72412e-19
1150.5  2.56204e-17  4.0558e-19
1151.5  2.4893e-17  3.96306e-19
1152.5  2.42632e-17  2.73091e-19
1153.5  2.46008e-17  4.11785e-19
1154.5  2.38383e-17  3.51538e-19
1155.5  2.33495e-17  3.07757e-19
1156.5  2.37125e-17  3.27552e-19
1157.5  2.29232e-17  2.99714e-19
1158.5  2.29508e-17  2.63801e-19
1159.5  2.24936e-17  2.97072e-19
1160.5  2.22662e-17  2.70198e-19
1161.5  2.21829e-17  2.94264e-19
1162.5  2.16845e-17  2.83681e-19
1163.5  2.19067e-17  3.36525e-19
1164.5  2.1854e-17  3.47478e-19
1165.5  2.12115e-17  2.92648e-19
1166.5  2.09964e-17  2.81738e-19
1167.5  2.04348e-17  2.45469e-19
1168.5  2.01401e-17  2.34285e-19
1169.5  1.99937e-17  2.74687e-19
1170.5  2.01889e-17  3.58935e-19
1171.5  1.92015e-17  2.15868e-19
1172.5  1.9217e-17  2.28291e-19
1173.5  1.92041e-17  2.49523e-19
1174.5  1.87996e-17  2.06308e-19
1175.5  1.90815e-17  3.64931e-19
1176.5  1.86512e-17  2.58771e-19
1177.5  1.86823e-17  3.0521e-19
1178.5  1.82225e-17  2.5143e-19
1179.5  1.85275e-17  3.30741e-19
1180.5  1.75164e-17  2.56418e-19
1181.5  1.76348e-17  3.37865e-19
1182.5  1.75248e-17  2.589e-19
1183.5  1.7007e-17  2.3985e-19
1184.5  1.69315e-17  2.54952e-19
1185.5  1.67257e-17  2.50578e-19
1186.5  1.65985e-17  2.30514e-19
1187.5  1.59421e-17  1.92651e-19
1188.5  1.61761e-17  2.17025e-19
1189.5  1.57164e-17  2.0747e-19
1190.5  1.55605e-17  2.74689e-19
1191.5  1.50366e-17  1.8197e-19
1192.5  1.50907e-17  1.76223e-19
1193.5  1.50879e-17  1.76001e-19
1194.5  1.51575e-17  2.37421e-19
1195.5  1.50974e-17  2.60854e-19
1196.5  1.47392e-17  2.1018e-19
1197.5  1.41781e-17  1.7482e-19
1198.5  1.46441e-17  3.32436e-19
1199.5  1.38805e-17  1.45895e-19
1200.5  1.36448e-17  1.56703e-19
1201.5  1.33838e-17  1.49073e-19
1202.5  1.36065e-17  2.69065e-19
1203.5  1.32637e-17  1.50926e-19
1204.5  1.33329e-17  1.90563e-19
1205.5  1.32931e-17  3.26567e-19
1206.5  1.32591e-17  2.66248e-19
1207.5  1.25921e-17  1.53029e-19
1208.5  1.25595e-17  1.81629e-19
1209.5  1.21932e-17  1.38127e-19
1210.5  1.25697e-17  2.54735e-19
1211.5  1.20543e-17  1.54367e-19
1212.5  1.1858e-17  1.34679e-19
1213.5  1.18056e-17  1.539e-19
1214.5  1.20305e-17  2.93961e-19
1215.5  1.19774e-17  1.88888e-19
1216.5  1.14065e-17  1.58678e-19
1217.5  1.10462e-17  1.14019e-19
1218.5  1.10853e-17  1.49193e-19
1219.5  1.07629e-17  1.2659e-19
1220.5  1.10024e-17  1.55011e-19
1221.5  1.07759e-17  1.58754e-19
1222.5  1.07508e-17  1.78991e-19
1223.5  1.07581e-17  1.59011e-19
1224.5  1.04499e-17  1.34169e-19
1225.5  1.00156e-17  1.24854e-19
1226.5  1.00195e-17  1.27123e-19
1227.5  1.04583e-17  4.00116e-19
1228.5  9.79327e-18  1.38676e-19
1229.5  9.7589e-18  1.63912e-19
1230.5  9.54817e-18  1.65431e-19
1231.5  9.64013e-18  1.52133e-19
1232.5  9.52396e-18  1.34981e-19
1233.5  9.39096e-18  1.27469e-19
1234.5  9.05277e-18  1.16661e-19
1235.5  9.33218e-18  1.71246e-19
1236.5  8.87358e-18  1.21499e-19
1237.5  8.92821e-18  1.15986e-19
1238.5  8.77877e-18  1.75278e-19
1239.5  8.74588e-18  1.42272e-19
1240.5  8.55326e-18  1.15524e-19
1241.5  8.396e-18  1.00123e-19
1242.5  8.26485e-18  1.15521e-19
1243.5  8.65927e-18  2.04531e-19
1244.5  8.14329e-18  1.19869e-19
1245.5  8.02858e-18  1.02898e-19
1246.5  7.78545e-18  8.46143e-20
1247.5  7.83532e-18  1.38545e-19
1248.5  7.8883e-18  1.0944e-19
1249.5  7.41132e-18  8.96168e-20
1250.5  7.75625e-18  1.69796e-19
1251.5  7.56967e-18  1.37231e-19
1252.5  7.41019e-18  1.25287e-19
1253.5  7.38572e-18  1.07017e-19
1254.5  7.1998e-18  1.02174e-19
1255.5  7.10699e-18  1.01457e-19
1256.5  7.11553e-18  1.31363e-19
1257.5  6.88214e-18  9.42981e-20
1258.5  6.7552e-18  8.45554e-20
1259.5  6.84999e-18  1.04771e-19
1260.5  6.81102e-18  1.15293e-19
1261.5  6.74154e-18  1.04236e-19
1262.5  6.43508e-18  8.18829e-20
1263.5  6.32916e-18  7.89112e-20
1264.5  6.50071e-18  1.57068e-19
1265.5  6.217e-18  8.25758e-20
1266.5  6.20489e-18  7.78499e-20
1267.5  6.06817e-18  7.37533e-20
1268.5  6.08989e-18  8.65053e-20
1269.5  5.92567e-18  7.67674e-20
1270.5  5.80831e-18  6.20392e-20
1271.5  5.76313e-18  5.94218e-20
1272.5  5.82742e-18  8.30386e-20
1273.5  5.76712e-18  8.41414e-20
1274.5  5.72024e-18  8.53832e-20
1275.5  5.59121e-18  8.03331e-20
1276.5  5.62446e-18  1.18971e-19
1277.5  5.44082e-18  1.27682e-19
1278.5  5.33788e-18  7.71463e-20
1279.5  5.16975e-18  5.67378e-20
1280.5  5.22966e-18  8.96532e-20
1281.5  5.22044e-18  7.72026e-20
1282.5  5.13141e-18  8.92006e-20
1283.5  4.98826e-18  9.5527e-20
1284.5  4.92227e-18  7.00862e-20
1285.5  4.9588e-18  8.90262e-20
1286.5  4.75203e-18  6.43471e-20
1287.5  4.74318e-18  7.17977e-20
1288.5  4.66607e-18  7.08024e-20
1289.5  4.78759e-18  7.53003e-20
1290.5  4.61547e-18  5.51769e-20
1291.5  4.57845e-18  6.97458e-20
1292.5  4.49336e-18  5.50885e-20
1293.5  4.45207e-18  7.62883e-20
1294.5  4.40477e-18  5.95453e-20
1295.5  4.29935e-18  6.11023e-20
1296.5  4.34879e-18  8.21933e-20
1297.5  4.17648e-18  5.81388e-20
1298.5  4.16779e-18  4.9963e-20
1299.5  4.01267e-18  4.60242e-20
1300.5  3.9111e-18  3.97095e-20
1301.5  3.96765e-18  5.14383e-20
1302.5  3.99223e-18  6.16687e-20
1303.5  4.02138e-18  8.66534e-20
1304.5  3.95914e-18  7.8339e-20
1305.5  3.81326e-18  7.10675e-20
1306.5  3.78583e-18  5.63839e-20
1307.5  3.75302e-18  5.26875e-20
1308.5  3.68047e-18  4.95152e-20
1309.5  3.65247e-18  5.96436e-20
1310.5  3.57459e-18  5.16315e-20
1311.5  3.51972e-18  4.74283e-20
1312.5  3.50391e-18  5.1241e-20
1313.5  3.51857e-18  7.01006e-20
1314.5  3.47891e-18  1.22926e-19
1315.5  3.39352e-18  4.94358e-20
1316.5  3.29697e-18  4.1857e-20
1317.5  3.26468e-18  4.45661e-20
1318.5  3.29758e-18  6.52158e-20
1319.5  3.19626e-18  4.31116e-20
1320.5  3.19743e-18  9.5935e-20
1321.5  3.12937e-18  4.16844e-20
1322.5  3.20247e-18  8.55342e-20
1323.5  3.00428e-18  3.65772e-20
1324.5  3.02293e-18  5.59268e-20
1325.5  3.00432e-18  4.34076e-20
1326.5  2.88799e-18  3.66193e-20
1327.5  2.89045e-18  4.65564e-20
1328.5  2.84771e-18  4.27715e-20
1329.5  2.78044e-18  3.84064e-20
1330.5  2.73275e-18  3.47772e-20
1331.5  2.73428e-18  3.79426e-20
1332.5  2.76303e-18  4.8892e-20
1333.5  2.66617e-18  4.02622e-20
1334.5  2.58837e-18  3.97752e-20
1335.5  2.60396e-18  5.24329e-20
1336.5  2.57054e-18  4.24667e-20
1337.5  2.50465e-18  3.52078e-20
1338.5  2.54531e-18  4.88749e-20
1339.5  2.50705e-18  6.04661e-20
1340.5  2.39295e-18  3.33575e-20
1341.5  2.42593e-18  5.60259e-20
1342.5  2.41015e-18  5.70776e-20
1343.5  2.4599e-18  1.33481e-19
1344.5  2.27623e-18  3.62557e-20
1345.5  2.30902e-18  4.92755e-20
1346.5  2.29593e-18  4.69474e-20
1347.5  2.23113e-18  5.59627e-20
1348.5  2.16541e-18  3.22851e-20
1349.5  2.1589e-18  4.19706e-20
1350.5  2.09887e-18  2.92337e-20
1351.5  2.04995e-18  4.06508e-20
1352.5  2.08149e-18  3.03359e-20
1353.5  1.98726e-18  2.78541e-20
1354.5  1.99969e-18  2.66254e-20
1355.5  1.9286e-18  3.39075e-20
1356.5  2.03557e-18  8.42118e-20
1357.5  1.91806e-18  6.53481e-20
1358.5  1.87307e-18  2.43872e-20
1359.5  1.84195e-18  2.85711e-20
1360.5  1.85823e-18  3.75899e-20
1361.5  1.83791e-18  3.11218e-20
1362.5  1.75948e-18  2.29547e-20
1363.5  1.72258e-18  2.53704e-20
1364.5  1.70684e-18  3.06111e-20
1365.5  1.69933e-18  3.53142e-20
1366.5  1.66727e-18  3.26334e-20
1367.5  1.69905e-18  4.07786e-20
1368.5  1.60975e-18  2.98233e-20
1369.5  1.5806e-18  2.42107e-20
1370.5  1.60442e-18  4.16023e-20
1371.5  1.54161e-18  3.30148e-20
1372.5  1.49242e-18  2.28993e-20
1373.5  1.48498e-18  2.25102e-20
1374.5  1.46744e-18  2.41818e-20
1375.5  1.41868e-18  2.43013e-20
1376.5  1.39069e-18  2.29301e-20
1377.5  1.40888e-18  3.54649e-20
1378.5  1.34235e-18  2.92144e-20
1379.5  1.34074e-18  2.46702e-20
1380.5  1.24125e-18  1.74853e-20
1381.5  1.24075e-18  2.01174e-20
1382.5  1.19147e-18  1.64188e-20
1383.5  1.2552e-18  3.51798e-20
1384.5  1.22102e-18  3.1237e-20
1385.5  1.12287e-18  1.76011e-20
1386.5  1.14967e-18  3.64299e-20
1387.5  1.10346e-18  3.72638e-20
1388.5  1.05511e-18  1.57877e-20
1389.5  1.01548e-18  2.29507e-20
1390.5  9.68597e-19  1.55599e-20
1391.5  9.52453e-19  1.74947e-20
1392.5  9.4689e-19  2.87422e-20
1393.5  8.67686e-19  1.41922e-20
1394.5  8.29793e-19  1.53201e-20
1395.5  8.59352e-19  2.7837e-20
1396.5  7.41663e-19  1.34212e-20
1397.5  7.1578e-19  1.35235e-20
1398.5  6.92209e-19  1.4289e-20
1399.5  6.41893e-19  1.60377e-20
